001111000
001000000
000000111
000000111
011001000
001010001
000000010
011010000
001000000
000000001
001011000
001100000
001101000
001110000
101011000
101100000
010000101
101011000
101101000
010000101
101100000
101101000
010000101
101011000
101100000
101101000
010000101
101011000
101110000
010000101
101100000
101110000
010000101
101011000
101100000
101110000
010000101
101101000
101110000
001000000
000000010
101011000
101101000
101110000
010000101
101100000
101101000
101110000
010000101
101011000
101100000
101101000
101110000
001000001
110011000
110100000
110101000
110110000
010011001
010100010
010101010
010101010
000101100
000101011
001000001
110000001
010000011
000101000
001000010
110000001
010000010
010000010
000101000
001000100
110000001
010000010
010000010
000101000
001000100
010000001
110000001
010000010
010000010
000101000
001000100
010000010
110000001
010000111
000110000
001000100
010000011
110000001
010000111
000110000
001000001
010000110
110000001
010000111
000110000
001000001
010000101
110000001
010000111
000110000
001000001
110000010
010000111
000110000
001000010
110000010
010000111
000110000
001000100
110000010
010000111
000110000
001011000
001000000
000000101
010000101
101011000
010000101
101011000
010000101
101011000
010000101
101011000
010000101
101011000
010000101
101011000
010000101
101011000
001000000
000000110
101011000
010000101
101011000
010000101
101011000
010000101
101011000
010000101
101011000
010000101
101011000
010000101
101011000
010000101
101011000
001000001
110000011
000101000
001000111
010000010
001001010
000000001
000000111
000000111
100101000
001001001
000000001
100110000
000111001
001000111
010000001
000000001
111000111
000000001
001111000
001000001
010000110
000000111
000000111
011001000
001010001
000000010
011010000
001000000
000000001
001011000
001100000
001101000
001110000
010000111
101011000
101100000
010000110
101011000
101101000
010000101
101100000
101101000
010000101
101011000
101100000
101101000
001000000
000000010
010000101
101011000
101110000
010000101
101100000
101110000
010000101
101011000
101100000
101110000
010000101
101101000
101110000
010000101
101011000
101101000
101110000
010000101
101100000
101101000
101110000
010000101
101011000
101100000
101101000
101110000
001000001
110011000
110100000
110101000
110110000
010100001
010101010
010110011
000110101
000110100
000110011
001101000
001000110
110000001
010000101
000101000
001000100
010000010
110000001
010000110
000101000
001000001
110000010
010000011
000101000
001000000
000000001
001100000
010000101
101100000
010000101
101100000
010000101
101100000
010000101
101100000
010000101
101100000
010000101
101100000
010000101
101100000
001000000
000000010
101100000
010000101
101100000
010000101
101100000
010000101
101100000
010000101
101100000
010000101
101100000
010000101
101100000
010000101
101100000
001011001
110100011
110011001
101110101
001101000
111011100
100101110
001011000
111011110
100101010
001110000
001011001
111011101
101000100
001110001
010110101
111110101
101000100
001000000
001011001
001100001
111000110
101000000
001000100
010000001
110000110
111000101
100111100
101001011
001110000
111100101
101000100
101010011
001110000
111100101
101000100
010011001
000000100
111100101
100110001
001000100
010000001
110000001
010000111
000101000
001000111
010000111
110000001
010000110
010000110
000101000
001000111
010000001
001011001
000000011
010000001
110000010
010000011
000101000
001000111
010000111
110000010
010000011
000110000
001000101
010000011
001001111
000000001
010000001
000000111
000000111
100101000
001001001
000000001
100110000
000111001
001000111
010000001
000000001
111111000
010101010
001011001
010011101
001100101
010100111
011010100
001101111
000101011
010101001
000101011
010101001
010010111
110010101
001110000
011001011
001111001
110001101
111001010
110000000
000110111
011001011
010001101
110001101
111001010
110000110
000110111
011001011
010001110
110001101
111001010
110001100
000110111
011001011
010001111
110001101
111001010
110010010
000110111
000011111
111011100
101111010
001111011
010111110
100110111
001011001
010011101
001110000
001111001
011001011
110001101
111001010
110100011
000110111
111011111
110111001
011001011
010001101
110001101
111001010
110101011
000110111
111011111
110111001
011001011
010001110
110001101
111001010
110110011
000110111
111011111
110111001
011001011
010001111
110001101
111001010
110111001
000110111
000011111
111011100
110011100
001111111
010111110
100110111
001111011
010111110
011110111
001011011
001100111
010100010
000100011
010100011
001011100
000100011
001011001
010011101
010100111
001111001
011000011
010000010
010000010
001001111
010001001
000001111
010001010
010001010
110000001
010001110
010001110
000011111
011111011
010111110
010111110
110001111
000001000
001000000
000000001
110001101
001111001
111001010
111100101
000110111
001001000
000001000
010001101
001000000
000000001
110001101
111001010
111101110
000110111
001001000
000001000
010001101
001000000
000000001
110001101
111001010
111110111
000110111
001001000
000001000
010001101
110001101
111001010
111111110
000110111
111011100
111001100
001111011
010111110
001011010
000111011
100110111
010000000
