000011100
000011101
111000111
000011101
111000111
000011101
111000111
000011101
000100000
110100011
000101000
011001101
000110100
110110101
011000110
000000101
000000101
000000101
000000101
000001110
000001110
000001110
000001110
010001000
000111100
110111011
100001111
000010100
000110000
001010001
000001110
000111100
001111001
010010111
000001110
000111100
001111001
010010111
000001110
000111100
001111001
010010111
010110111
000001110
000111100
001111001
010010111
010110111
000001110
000111100
001111001
010010111
010110111
000001110
000111100
001111001
010010111
010110111
011001101
000000100
001000001
000000101
000000101
000001110
000001101
000001101
000001101
000001101
000001101
000001110
010001000
000010101
000010101
000010101
000010101
000010101
000010101
000010101
010001010
100001011
000001110
000001110
000001110
000001110
000010100
001010001
010110010
000001110
000010100
001010001
010110010
000001110
000010100
001010001
010110010
000110101
000110101
000110101
011001011
010001110
100001011
000000100
000010100
000001110
000001110
001000001
001010001
000001110
000001110
000110100
001110001
010000110
000001110
000110100
001110001
010010110
000001110
000110100
001110001
010000110
010010110
000111100
110111011
011001111
000110100
001110001
010000110
000001110
000110100
001110001
010010110
000001110
000110100
001110001
010010110
010000110
000001110
000001110
000110100
001110001
010000110
000001110
000110100
001110001
010010110
000001110
000110100
001110001
010000110
010010110
000010101
010010000
011001011
010001010
100001011
000110100
000110101
110101110
110011110
101101100
111000000
000000100
000001100
000000101
000000101
110001000
000001101
111000011
000001101
111000011
000001101
111000011
000001101
000010000
110010001
000000101
000000101
000000101
000000101
000011100
110011000
011011011
000100100
001100011
000011110
000101100
001101011
010100101
000011110
000101100
001101011
010100101
000011110
000101100
001101011
010100101
000011110
000110100
001110011
010101110
010100110
000011110
000110100
001110011
010101110
010100110
000011110
000110100
001110011
010101110
010100110
011011000
000011110
000011110
000011110
000011110
000011110
000011110
000011110
010100011
000100101
000100101
000100101
011011000
000011110
000011110
000011110
000111100
001111011
000011110
000110100
001110011
010101110
000011110
000110100
001110011
010101110
000011110
000110100
001110011
010101110
010101111
000101101
000101101
010100101
011011000
000011110
000011110
000111100
000110100
001111011
001110011
000011110
000011110
000101100
001101011
010110101
000011110
000101100
001101011
010111101
000011110
000101100
001101011
010111101
010110101
000011100
110011000
011011011
000101100
001101011
010110101
000011110
000101100
001101011
010111101
000011110
000101100
001101011
010111101
010110101
000011110
000011110
000101100
001101011
010110101
000011110
000101100
001101011
010111101
000011110
000101100
001101011
010110101
010111101
011011000
000101100
001101011
010110101
000011110
000101100
001101011
010111101
000111101
010111110
010100111
011011000
000101100
000101101
000101101
000101101
111001011
000110100
000111100
101100110
111000110
010011111
111111100
000111101
111001101
101110101
111000100
100011001
111000001
011011000
000101100
000101101
000101101
000101101
000101101
000110100
000110101
000110101
000110101
111001101
111001011
000111100
101100110
111001000
010011111
111111110
000111101
111001101
101110101
111001010
000110000
110110001
111001101
100011110
011111001
000111101
000111110
000111110
000111110
000101100
001101111
000111110
000111110
000111101
010111101
000011101
000011101
000011101
000011101
010011111
100011001
111000011
011011001
000011110
000011110
000011110
000011110
100011001
111000001
111000011
101000010
111000010
000011100
000011101
000011101
000011101
000011101
000011101
000011101
000011101
000100100
000100101
000100101
111001001
000100101
000100101
000100101
000100101
000100101
011010100
000101100
000101101
111001011
000101101
111001011
000101101
111001011
000110000
011001011
001001101
101001010
111001110
111001101
011001011
000001110
001001101
101001010
111010000
111001101
011001011
000001110
000001110
001001101
101001010
111010010
111001101
011001011
000001110
000001110
000001110
001001101
101001010
111010100
111001101
011001011
000001110
000001110
000001110
000001110
001001101
101001010
111010110
111001101
111000111
101011100
111001100
000111100
000111101
111001111
000111101
000111101
000111101
000111101
000111101
000111101
100110111
000011100
000011101
000011101
000011101
000011101
000011101
000011101
000011101
011010100
000101100
000101101
111001011
000101101
111001011
000101101
111001011
000110000
011001011
001001101
101001010
111011010
111001101
111100100
011001011
000001110
001001101
101001010
111011100
111001101
111100100
011001011
000001110
000001110
001001101
101001010
111011110
111001101
111100100
011001011
000001110
000001110
000001110
001001101
101001010
111100000
111001101
111100100
011001011
000001110
000001110
000001110
000001110
001001101
101001010
111100010
111001101
111100100
111000111
101011100
111011000
111001111
100110111
000111100
000111101
111001111
000111101
000111101
000111101
000111101
000111101
000111101
011110111
000011100
000011101
000011101
000011101
000011101
000011101
000011101
000011101
000100100
000100101
000100101
000100101
111001001
000100101
111001001
000100101
111001001
000100101
111001001
000100101
111001001
011000011
000000110
000000110
000000110
000000110
000000110
000001100
110001011
011001001
000001101
000001101
000001101
110001000
001001101
101001010
111101000
111001101
000000110
000001100
110001011
011001001
000001101
000001101
110001000
001001101
101001010
111101010
111001101
000000110
000001100
110001011
011001001
000001101
110001000
001001101
101001010
111101100
111001101
111000111
101011100
111100110
111001111
111001111
100110111
000000011