000011100
000011101
000011101
000011101
000011101
000011101
000011101
000011101
000100100
000100101
000100101
111001001
000100101
000100101
000100101
000100101
000100101
011010100
000101100
000101101
111001011
000101101
111001011
000101101
111001011
000110000
011001011
001001101
101001010
111001110
111001101
011001011
000001110
001001101
101001010
111010000
111001101
011001011
000001110
000001110
001001101
101001010
111010010
111001101
011001011
000001110
000001110
000001110
001001101
101001010
111010100
111001101
011001011
000001110
000001110
000001110
000001110
001001101
101001010
111010110
111001101
111000111
101011100
111001100
000111100
000111101
111001111
000111101
000111101
000111101
000111101
000111101
000111101
100110111
000011100
000011101
000011101
000011101
000011101
000011101
000011101
000011101
011010100
000101100
000101101
111001011
000101101
111001011
000101101
111001011
000110000
011001011
001001101
101001010
111011010
111001101
111100010
011001011
000001110
001001101
101001010
111011100
111001101
111100010
011001011
000001110
000001110
001001101
101001010
111100000
111001101
111100010
011001011
000001110
000001110
000001110
001001101
101001010
111100010
111001101
111100010
011001011
000001110
000001110
000001110
000001110
001001101
101001010
111100000
111001101
111100010
111000111
101011100
111011000
111001111
100110111
000000011