000011100
000011101
111000111
000011101
111000111
000011101
111000111
000011101
000100000
110100011
000101000
011001101
000110100
110110101
011000110
000000101
000000101
000000101
000000101
000001110
000001110
000001110
000001110
010001000
000111100
110111011
100001111
000010100
000110000
001010001
000001110
000111100
001111001
010010111
000001110
000111100
001111001
010010111
000001110
000111100
001111001
010010111
010110111
000001110
000111100
001111001
010010111
010110111
000001110
000111100
001111001
010010111
010110111
000001110
000111100
001111001
010010111
010110111
011001101
000000100
001000001
000000101
000000101
000001110
000001101
000001101
000001101
000001101
000001101
000001110
010001000
000010101
000010101
000010101
000010101
000010101
000010101
000010101
010001010
100001011
000001110
000001110
000001110
000001110
000010100
001010001
010110010
000001110
000010100
001010001
010110010
000001110
000010100
001010001
010110010
000110101
000110101
000110101
011001011
010001110
100001011
000000100
000010100
000001110
000001110
001000001
001010001
000001110
000001110
000110100
001110001
010000110
000001110
000110100
001110001
010010110
000001110
000110100
001110001
010000110
010010110
000111100
110111011
011001111
000110100
001110001
010000110
000001110
000110100
001110001
010010110
000001110
000110100
001110001
010010110
010000110
000001110
000001110
000110100
001110001
010000110
000001110
000110100
001110001
010010110
000001110
000110100
001110001
010000110
010010110
000010101
010010000
011001011
010001010
100001011
000110100
000110101
110101110
110011110
101101100
111000000
000000011
