000000100
000001100
000000101
000000101
110001000
000001101
111000011
000001101
111000011
000001101
111000011
000001101
000010000
110010001
000000101
000000101
000000101
000000101
000011100
110011000
011011011
000100100
001100011
000011110
000101100
001101011
010100101
000011110
000101100
001101011
010100101
000011110
000101100
001101011
010100101
000011110
000110100
001110011
010101110
010100110
000011110
000110100
001110011
010101110
010100110
000011110
000110100
001110011
010101110
010100110
011011000
000011110
000011110
000011110
000011110
000011110
000011110
000011110
010100011
000100101
000100101
000100101
011011000
000011110
000011110
000011110
000111100
001111011
000011110
000110100
001110011
010101110
000011110
000110100
001110011
010101110
000011110
000110100
001110011
010101110
010101111
000101101
000101101
010100101
011011000
000011110
000011110
000111100
000110100
001111011
001110011
000011110
000011110
000101100
001101011
010110101
000011110
000101100
001101011
010111101
000011110
000101100
001101011
010111101
010110101
000011100
110011000
011011011
000101100
001101011
010110101
000011101
000101100
001101011
010111101
000011101
000101100
001101011
010111101
010110101
000011101
000011101
000101100
001101011
010110101
000011101
000101100
001101011
010111101
000011101
000101100
001101011
010110101
010111101
011011000
000101100
001101011
010110101
000011101
000101100
001101011
010111101
000111101
010111110
010100111
011011000
000101100
000101101
000101101
000110100
000111100
101100110
111000110
010011111
000111101
111001101
101110101
111000100
100011001
111000001
011011000
000101101
000111100
101100110
111001000
010011111
000111101
111001101
101110101
111001010
000110000
110110001
111001101
100011110
011111001
000111101
000111110
000111110
000111110
000101100
001101111
000111110
000111110
000111101
010111101
011011110
000011101
000011101
000011101
000011101
010011111
100011001
111000011
011011001
000011110
000011110
000011110
000011110
100011001
111000001
111000011
101000010
111000010
000000011
