001111000
001000001
010000110
000000111
000000111
011001000
001010001
000000010
011010000
001000000
000000001
001011000
001100000
001101000
001110000
010000111
101011000
101100000
010000110
101011000
101101000
010000101
101100000
101101000
010000101
101011000
101100000
101101000
001000000
000000010
010000101
101011000
101110000
010000101
101100000
101110000
010000101
101011000
101100000
101110000
010000101
101101000
101110000
010000101
101011000
101101000
101110000
010000101
101100000
101101000
101110000
010000101
101011000
101100000
101101000
101110000
001000001
110011000
110100000
110101000
110110000
010100001
010101010
010110011
000110101
000110100
000110011
001101000
001000110
110000001
010000101
000101000
001000100
010000010
110000001
010000110
000101000
001000001
110000010
010000011
000101000
001000000
000000001
001100000
010000101
101100000
010000101
101100000
010000101
101100000
010000101
101100000
010000101
101100000
010000101
101100000
010000101
101100000
001000000
000000010
101100000
010000101
101100000
010000101
101100000
010000101
101100000
010000101
101100000
010000101
101100000
010000101
101100000
010000101
101100000
001011001
110100011
110011001
101110101
001101000
111011100
010000101
001011000
111011110
010000001
001110000
001011001
111011101
010011011
001110001
010110101
111110101
010011011
001000000
001011001
001100001
111000110
010010111
001000100
010000001
110000110
111000101
010010011
101001011
001110000
111100101
010011011
101010011
001110000
111100101
010011011
010011001
000000100
111100101
010001000
001000100
010000001
110000001
010000111
000101000
001000111
010000111
110000001
010000110
010000110
000101000
001000111
010000001
001011001
000000011
010000001
110000010
010000011
000101000
001000111
010000111
110000010
010000011
000110000
001000101
010000011
001001111
000000001
010000001
000000111
000000111
100101000
001001001
000000001
100110000
000111001
001000111
010000001
000000001
111111000
000000001
010000000
