001011001
010011101
001100101
010100111
011010100
001101111
000101011
010101001
000101011
010101001
010010111
110010101
001110000
011001011
110001101
111001010
000010100
010011001
000110011
010011101
011001011
010001101
110001101
111001010
000011100
010011001
000110011
010011101
011001011
010001110
110001101
111001010
000100100
010011001
000110011
010011101
011001011
010001111
110001101
111001010
000101100
010011001
000110011
010011101
001011011
010011101
111011100
000001101
001111011
010111110
100110111
001011001
010011101
001110000
011001011
110001101
111001010
000111110
010011001
000110011
010011101
001011000
011001011
010001101
110001101
111001010
001000111
010011001
000110011
010011101
001011000
011001011
010001110
110001101
111001010
001010000
010011001
000110011
010011101
001011000
011001011
010001111
110001101
111001010
001011000
010011001
000110011
010011101
001011011
010011101
111011100
000110110
001111111
010111110
100110111
001111011
010111110
011110111
001011011
001100111
010100010
000100011
010100011
001011100
000100011
001011001
010011101
010100111
011000011
010000010
010000010
001001111
001111001
010001001
000001111
010001010
010001010
110000001
010001110
010001110
000011111
011111011
010111110
010111110
110001111
000001000
001000000
000000001
110001101
111001010
010000111
001011001
000110011
001011011
010011101
001001000
000001000
010001101
001000000
000000001
110001101
111001010
010010011
001011001
000110011
001011011
010011101
001001000
000001000
010001101
001000000
000000001
110001101
111001010
010011111
001011001
000110011
001011011
010011101
001001000
000001000
010001101
110001101
111001010
010101001
001011001
000110011
001011011
010011101
001011101
010011101
111011100
001101100
001111011
010111110
001011010
000111011
001011101
010011101
100110111
