001111000
001000000
000000111
000000111
011001000
001010001
000000010
011010000
001000000
000000001
001011000
001100000
001101000
001110000
101011000
101100000
010000101
101011000
101101000
010000101
101100000
101101000
010000101
101011000
101100000
101101000
010000101
101011000
101110000
010000101
101100000
101110000
010000101
101011000
101100000
101110000
010000101
101101000
101110000
001000000
000000010
101011000
101101000
101110000
010000101
101100000
101101000
101110000
010000101
101011000
101100000
101101000
101110000
001000001
110011000
110100000
110101000
110110000
010100001
010101011
010110011
010110011
010110001
001010000
000010011
000010100
000010101
000010110
001000001
110000001
010000010
000010000
001000010
110000001
010000011
000010000
001000100
110000001
010000011
000010000
001000100
010000001
110000001
010000011
000010000
001000000
000000111
000000111
001100001
000000100
011011000
001100000
001000100
010000010
110000001
010000110
010000110
000100000
001000100
010000011
110000001
010000110
010000110
000100000
001000100
010000010
010000010
110000001
010000110
010000110
000100000
001000100
010000011
010000010
110000001
010000110
010000110
000100000
001000001
110000011
010000010
010000010
000100000
001000010
110000011
010000010
010000010
000100000
001000100
110000011
010000010
010000010
000100000
001110000
001000000
000000010
101110000
010000101
101110000
010000101
101110000
010000101
101110000
010000101
101110000
010000101
101110000
010000101
101110000
010000101
101110000
001000000
000000100
101110000
010000101
101110000
010000101
101110000
010000101
101110000
010000101
101110000
010000101
101110000
010000101
101110000
010110011
010110011
010110001
000100110
001000111
010000010
001001010
000000001
001001000
000001111
000001111
000001000
100010001
001000001
000001000
100100001
001001111
010001001
000001000
111111001
000000001
010000000
